Train_loss
[0.5675658784390116, 0.4750453144970734, 0.41791156540844004, 0.3712918379759447, 0.33556931949328384, 0.30935278728662446, 0.28909059349442645, 0.27168482466466404, 0.25747093924542863, 0.24595785274694737]

Train_acc
[0.7022919654846191, 0.7808029651641846, 0.8172951936721802, 0.8381420969963074, 0.8548439741134644, 0.8667100071907043, 0.8776007890701294, 0.8839808106422424, 0.889873206615448, 0.8975942730903625]

Test_loss
[0.3938393612307581, 0.3251023779369213, 0.2774108826944774, 0.2453448770737106, 0.22604514446786858, 0.22175667274065994, 0.19812001789581368, 0.19856824806298723, 0.18581199971958995, 0.18258207071233878]

Test_acc
[0.8479999899864197, 0.888177752494812, 0.8967111110687256, 0.9105777740478516, 0.9168000221252441, 0.9077333211898804, 0.9150221943855286, 0.9235555529594421, 0.9203555583953857, 0.9182222485542297]

