Train_loss
[0.6870973452014948, 0.5823542472600006, 0.5559083445407014, 0.5518496531038818, 0.5479619224762886, 0.544647871517856, 0.5420736425564721, 0.5386917262843124, 0.5348651943188185, 0.5310048867109073]

Train_acc
[0.5564044117927551, 0.6969278454780579, 0.7079811692237854, 0.7104193568229675, 0.7114353179931641, 0.7137516140937805, 0.7151739001274109, 0.7171245217323303, 0.7205380201339722, 0.7230575680732727]

Test_loss
[0.643860253420743, 0.454073255373673, 0.43825278532775963, 0.4317531143738465, 0.427735036239028, 0.4227926187555898, 0.42031913420016115, 0.4124159755354578, 0.40811583264307544, 0.4037968744947152]

Test_acc
[0.7397333383560181, 0.8423110842704773, 0.8314666748046875, 0.8467555642127991, 0.8499555587768555, 0.8426666855812073, 0.8551111221313477, 0.8455111384391785, 0.8542222380638123, 0.8531555533409119]

