Train_loss
[0.49580160718319166, 0.1978660042122762, 0.16253788072630396, 0.1375232166507716, 0.12250396159086352, 0.1100182709888457, 0.10096775899642427, 0.09273852761507867, 0.0855638866944987, 0.08178571987986778]

Train_acc
[0.7562174797058105, 0.9225454926490784, 0.9366466403007507, 0.9463995695114136, 0.9532265663146973, 0.9576560258865356, 0.9609476327896118, 0.9655396342277527, 0.9677746891975403, 0.9689531922340393]

Test_loss
[0.1963457140478898, 0.12993759210538966, 0.11374784630871462, 0.15567574934737588, 0.12455743656028062, 0.12441703336398033, 0.12432465457029386, 0.14622378634257158, 0.17688757317823314, 0.14805065040921114]

Test_acc
[0.9543111324310303, 0.9541333317756653, 0.9592888951301575, 0.9422222375869751, 0.9621333479881287, 0.9608888626098633, 0.9584000110626221, 0.9548444151878357, 0.9431111216545105, 0.9550222158432007]

