Train_loss
[0.5925425029079998, 0.526274786542699, 0.4079802765260282, 0.29673382764868683, 0.24314962628797684, 0.2097780824007929, 0.1881627363766821, 0.17291410677667868, 0.15647128650673964, 0.14401203334714213, 0.1331485062546941, 0.1237634997936002, 0.11505675879252593, 0.10827007398169163, 0.10087109459697309, 0.09447979141070334, 0.08672498726020766, 0.07923976803544826, 0.0723157866097386, 0.06759467957267642]

Train_acc
[0.6784785389900208, 0.7361426949501038, 0.8304210305213928, 0.8846716284751892, 0.9044619798660278, 0.915962278842926, 0.9249024987220764, 0.930835485458374, 0.9366872310638428, 0.9422138929367065, 0.9502601027488708, 0.9550958871841431, 0.958712637424469, 0.9610695838928223, 0.9648894667625427, 0.9685874581336975, 0.9729762673377991, 0.9748862385749817, 0.9773650765419006, 0.9786248207092285]

Test_loss
[0.4763220436871052, 0.3812320902943611, 0.2774197748777541, 0.2248812240802429, 0.20967372608455745, 0.2080248094756495, 0.2385750955648043, 0.22377768768505615, 0.21138616621663625, 0.2114052574086765, 0.22625184787267988, 0.2397781106410548, 0.28547938786108384, 0.26248831605665723, 0.28884845836596057, 0.3023473495532843, 0.28758501821324567, 0.2869657224456949, 0.2923967108045789, 0.310965558164753]

Test_acc
[0.77920001745224, 0.8668444156646729, 0.9029333591461182, 0.913777768611908, 0.9192888736724854, 0.916266679763794, 0.9121778011322021, 0.909333348274231, 0.9144889116287231, 0.9187555313110352, 0.9130666851997375, 0.916266679763794, 0.9029333591461182, 0.911644458770752, 0.9061333537101746, 0.904711127281189, 0.913777768611908, 0.9132444262504578, 0.9203555583953857, 0.9180444478988647]

